200054274002562617890 0000531104200202
20005864900119118243330000531103200201
20005867201141827784150000531103200201
200064577003562009534 0000531103200201
20006941100622202431410000531504200201
20006941200622202431420000531504200201
20006957501316132226150000532203200201
20007010407415131028630000531104200207
20007738300492132849030000532604200202
20007755707335131482550000531104200206
20007756800576105502830000531104200209
20007768900135115871030000532503200201
20007795807095264064030000530304200201
20007796801355149185870000531104200206
20007809601309131301850000532103200201
20007809800727133242690000531803200201
20007810401654820115730000532203200201
20007868507159131298930000532703200201
20007871000150103822630000532603200201
20007886400923124676170000532503200201
20007886907575260111470000532103200201
20007889507109131390930000532203200201
20007889900906104602650000531104200206
20007909200106721911170000532103200201
200079249006111844665 0000530404200201
200079250006111844665 0000530404200201
20007940100091117740050000532203200201
20007940200091117740060000532203200201
20007941001409139132780000532503200201
20007941300527726204330000532303200201
20007956801447820086930000532203200201
200079704001351158710 0000532603200201
20008010400654820199250000532103200201
200080376071437230031 0000530104200201
200080383003541150458 0000530504200201
20008050700401749588050000531004200201
20008051601294131036470000531504200201
20008052507475133486850000530804200201
200080722008668202164 0000530104200201
20008072600289133207030000531704200201
20008073500424723538730000532504200205
20008074600956115367890000532404200201
20008091700787132004570000531504200201
20008091900171135628570000532204200206
20008107900098721428570000531604200201
20008108300470114458830000531104200201
20008110300398823015150000531504200201
20008124400956114206950000531604200201
20008126100141114521070000532304200207
20008140207148131170350000531504200201
20008153701383820197130000532504200206
20008155300887133056230000531904200203
20008156007341261564030000531604200201
20008170200252727163550000531204200201
20008170500309822185010000533004200201
20008171100350132759140000533004200202
200082401011801323939310005318042002  
20008311907186132014250000531604200201
20008314600612131985691000531904200207
20008314700621132899931000532204200201
20008332800906101885090000532504200207
20008403800529116788951000531904200201
20008404401918820256830000533004200205
20008423800089125750350000532904200207
20008425901219200702470000532604200205
20008427101296132310730000532904200206
20008443400313138467321000531604200201
20008445007344820031850000533004200201
20008446900621202262511000532404200201
20008447500240135353350000533004200201
20008492200819131602830000532604200201
20008515200093200797470000532604200201
20008566901180730788631000532504200201
20008567000270720512271000532504200201
20008734000611221258111000530205200201
20008736400398820677111000533004200201
20008776200436113773231000530205200201
20008777200811132128091000533004200201
20008799400552824309931000530205200201
20008799500552824309941000530205200201
20008831600211109666131000530305200213
