200088303009013067617910005302052002
200088304003751331582910005302052002
200088305012941500519710005302052002
200088710013402048758510005302052002
200088711004951952847710005302052002
200088712001222032482710005302052002
200088713008192040858910005302052002
200088714012768201407910005302052002
200088715002923050930610005302052002
200088716000558200242910005302052002
200088717009501003603910005302052002
200088718009501003603210005302052002
200088719075392603785310005302052002
200088720001481261582110005302052002
200088721001481261582410005302052002
200088722005951325389310005302052002
200088723007392015819110005302052002
200088724004791326467510005302052002
200088725003101151367510005302052002
200087361006112098196710005326042002
200088301000887491140310005302052002
200088302001361147000510005302052002
200088306000071310148110005302052002
200088307011821332019310005302052002
200088308000981251069310005302052002
200088309005892011296310005302052002
200088310004247216643110005302052002
200088311003772001834110005302052002
200088312001651208280710005302052002
200088313007471087275510005302052002
200088314001941377341510005302052002
200088315004797309756510005302052002
200088316002111096661310005302052002
200088317016231311230510005302052002
200088318016461316032310005302052002
200088319008191116873710005302052002
200088320011411312454910005302052002
200088321073358200175510005302052002
200088322013048205804310005302052002
200088323015038203913310005302052002
200088324072432618154310005302052002
200088325001611287945510005302052002
200088326019041320078510005302052002
200088327005991317834710005302052002
200088328005591320758510005302052002
200088329014208216565710005302052002
200088330072751317479310005302052002
200088331013831310472310005302052002
200088332013831325231310005302052002
200088333003598232456310005302052002
200088334003598232464310005302052002
