200054274002562617890 0000531104200202
20005864900119118243330000531103200201
20005867201141827784150000531103200201
200064577003562009534 0000531103200201
20006941100622202431410000530104200201
20006941200622202431420000530104200201
20006957501316132226150000532203200201
20007010407415131028630000531104200207
20007738300492132849030000532604200202
20007755707335131482550000531104200206
20007756800576105502830000531104200209
20007768900135115871030000532503200201
20007795807095264064030000530304200201
20007796801355149185870000531104200206
20007809601309131301850000532103200201
20007809800727133242690000531803200201
20007810401654820115730000532203200201
20007868507159131298930000532703200201
20007871000150103822630000532603200201
20007886400923124676170000532503200201
20007886907575260111470000532103200201
20007889507109131390930000532203200201
20007889900906104602650000531104200206
20007909200106721911170000532103200201
200079249006111844665 0000530404200201
200079250006111844665 0000530404200201
20007940100091117740050000532203200201
20007940200091117740060000532203200201
20007941001409139132780000532503200201
20007941300527726204330000532303200201
20007956801447820086930000532203200201
200079704001351158710 0000532603200201
20008010400654820199250000532103200201
200080376071437230031 0000530104200201
200080383003541150458 0000530504200201
20008050700401749588050000531004200201
20008051601294131036470000531504200201
20008052507475133486850000530804200201
200080722008668202164 0000530104200201
20008072600289133207030000531704200201
20008073500424723538730000532504200205
20008074600956115367890000532404200201
20008091700787132004570000531504200201
20008091900171135628570000532204200206
20008107900098721428570000531604200201
20008108300470114458830000531104200201
20008110300398823015150000531504200201
20008124400956114206950000531604200201
20008126100141114521070000532304200207
20008140207148131170350000531504200201
20008153701383820197130000532504200206
20008155300887133056230000531904200203
20008156007341261564030000531604200201
20008170200252727163550000531204200201
20008170500309822185010000533004200201
20008171100350132759140000533004200202
20008311907186132014250000531604200201
200083141005952010592410005324042002  
20008330900817820709131000530904200201
20008332800906101885090000532504200207
20008333700529730702631000531604200201
200083633005151146155310005317042002  
20008379500375132905791000531204200201
20008404401918820256830000533004200205
20008423800089125750350000532904200207
20008424301609131595831000531204200201
20008425901219200702470000532604200205
20008427101296132310730000532904200206
20008445007344820031850000533004200201
20008447500240135353350000533004200201
20008461200731132680031000530205200201
20008492200819131602830000532604200201
20008515200093200797470000532604200201
20008546000403117771251000532404200201
20008564901315132691871000530105200201
20008662401248822992871000530105200201
20008688800049110041831000533004200201
20008690400956115406411000530205200201
20008710300470820338751000533004200201
20008712200113119038971000533004200201
20008736007109131761131000530205200201
